# MSD building IDs used in the thesis subset
# Total: 200

68
75
176
179
322
329
405
467
553
696
712
721
803
807
993
1291
1321
1361
1575
1588
1595
1601
1663
1686
1712
1728
1817
1827
1925
1934
1943
1953
1976
1996
2018
2030
2049
2136
2244
2389
2401
2410
2540
2568
2801
2896
3002
3039
3057
3283
3594
3616
3669
4026
4234
4239
4258
4321
4832
5069
5086
5102
5103
5319
5322
5325
5863
6362
6370
6599
6676
7299
7343
7737
7760
7792
7801
7824
7869
7899
7914
7916
8039
8202
8241
8260
8264
8308
8309
8314
8364
8412
8413
8424
8443
8447
8460
8549
8851
8860
8863
8866
8877
8881
9205
9222
9678
9682
9729
10277
10288
10376
10388
10405
10655
10959
11226
11434
11818
11906
11967
13488
13544
13858
14016
14063
14123
14128
14131
14747
14818
14819
14881
14897
15364
22206
22211
22844
22886
23213
23246
23562
23865
23871
24153
24173
24288
24472
24476
24501
24542
24966
25184
25307
25320
25947
26170
26175
26471
26593
26653
26838
26858
26939
28611
28949
29270
29399
29686
29729
30405
30453
39307
42392
43687
44248
44871
45570
45576
45631
45644
45658
45724
46073
46492
47229
47492
48408
48966
49004
49035
49051
49320
49951
50528
50530
50537
51001
51680
51693